image_width: 1440
image_height: 1080
camera_name: narrow_stereo
camera_matrix:
  rows: 3
  cols: 3
  data: [1821.366144, 0.000000   , 625.708393, 
         0.000000   , 1813.445553, 514.595196, 
         0.000000   , 0.000000   , 1.000000  ]
distortion_model: plumb_bob
distortion_coefficients:
  rows: 1
  cols: 5
  data: [-0.143932, 0.147997, 0.0, 0.0, 0.000000]
rectification_matrix:
  rows: 3
  cols: 3
  data: [1.000000, 0.000000, 0.000000, 
         0.000000, 1.000000, 0.000000, 
         0.000000, 0.000000, 1.000000]
projection_matrix:
  rows: 3
  cols: 4
  data: [1821.366144, 0.000000   , 625.708393, 0.000000, 
         0.000000   , 1813.445553, 514.595196, 0.000000, 
         0.000000   , 0.000000   , 1.000000  , 0.000000]
