%YAML:1.0
---
point: 0
base_x1: 134
base_y1: 114
base_x2: 200
base_y2: 100
base_x3: 200
base_y3: 200
base_x4: 100
base_y4: 200
