%YAML:1.0
---
point: 0
base_x1: 694
base_y1: 338
base_x2: 943
base_y2: 579
base_x3: 1024
base_y3: 577
base_x4: 1009
base_y4: 304
